99,1
131,1
229,1
263,1
395,1
475,1
587,1
595,1
617,1
671,1
789,1
807,1
975,1
1059,1
1067,1
1075,1
1113,1
1167,1
1197,1
1267,1
1425,1
1442,1
1619,1
1641,1
1731,1
1739,1
1777,1
2019,1
2034,1
2099,1
2129,1
2298,1
2361,1
2393,1
2435,1
2579,1
2635,1
3035,1
3065,1
3315,1
3339,1
3349,1
3386,1
3435,1
3505,1
3627,1
3721,1
3775,1
3805,1
3883,1
3915,1
3939,1
3962,1
3989,1
4011,1
4091,1
4107,1
4170,1
4214,1
4275,1
4307,1
4378,1
4458,1
4531,1
4587,1
4755,1
4835,1
5010,1
5155,1
5209,1
5263,1
5361,1
5490,1
5635,1
5703,1
5809,1
5915,1
5987,1
5995,1
6018,1
6139,1
6219,1
6258,1
6315,1
6338,1
6395,1
6419,1
6427,1
6449,1
6523,1
6641,1
6717,1
6730,1
7043,1
7051,1
7091,1
7131,1
7187,1
7195,1
7293,1
7353,1
7586,1
7659,1
7699,1
7859,1
7939,1
8011,1
8075,1
8187,1
