11,1
143,1
149,1
175,1
205,1
275,1
282,1
283,1
386,1
499,1
581,1
591,1
643,1
651,1
682,1
709,1
719,1
731,1
757,1
819,1
859,1
903,1
917,1
1077,1
1087,1
1111,1
1115,1
1226,1
1243,1
1283,1
1307,1
1417,1
1443,1
1523,1
1611,1
1625,1
1642,1
1659,1
2003,1
2011,1
2211,1
2379,1
2507,1
2515,1
2531,1
2539,1
2618,1
2641,1
2771,1
2843,1
2859,1
3099,1
3105,1
3129,1
3139,1
3147,1
3255,1
3269,1
3303,1
3602,1
3627,1
3685,1
3695,1
3723,1
3843,1
3873,1
3927,1
3997,1
4017,1
4043,1
4139,1
4290,1
4291,1
4314,1
4410,1
4411,1
4419,1
4443,1
4489,1
4491,1
4538,1
4643,1
4682,1
4683,1
4739,1
4769,1
4795,1
4835,1
4851,1
4899,1
4947,1
5019,1
5027,1
5035,1
5173,1
5183,1
5275,1
5347,1
5475,1
5483,1
5643,1
5779,1
5890,1
6027,1
6035,1
6042,1
6187,1
6259,1
6473,1
6610,1
6637,1
6647,1
6661,1
6689,1
6699,1
6771,1
6939,1
7067,1
7186,1
7213,1
7223,1
7267,1
7379,1
7419,1
7555,1
7579,1
7611,1
7667,1
7827,1
7954,1
7969,1
8034,1
8083,1
8131,1
8175,1
