11,1
35,1
66,1
215,1
221,1
247,1
277,1
347,1
354,1
355,1
458,1
571,1
653,1
663,1
715,1
723,1
754,1
781,1
791,1
803,1
829,1
891,1
931,1
975,1
989,1
1149,1
1159,1
1183,1
1187,1
1298,1
1315,1
1355,1
1379,1
1489,1
1515,1
1595,1
1683,1
1697,1
1714,1
1731,1
2075,1
2083,1
2283,1
2451,1
2579,1
2587,1
2603,1
2611,1
2690,1
2713,1
2843,1
2915,1
2931,1
3171,1
3177,1
3201,1
3211,1
3219,1
3327,1
3341,1
3375,1
3674,1
3699,1
3757,1
3767,1
3795,1
3915,1
3945,1
3999,1
4069,1
4089,1
4115,1
4211,1
4362,1
4363,1
4386,1
4482,1
4483,1
4491,1
4515,1
4561,1
4563,1
4610,1
4715,1
4754,1
4755,1
4811,1
4841,1
4867,1
4907,1
4923,1
4971,1
5019,1
5091,1
5099,1
5107,1
5245,1
5255,1
5347,1
5419,1
5547,1
5555,1
5715,1
5851,1
5962,1
6099,1
6107,1
6114,1
6259,1
6331,1
6545,1
6682,1
6709,1
6719,1
6733,1
6761,1
6771,1
6843,1
7011,1
7139,1
7258,1
7285,1
7295,1
7339,1
7451,1
7491,1
7627,1
7651,1
7683,1
7739,1
7899,1
8026,1
8041,1
8106,1
8155,1
8203,1
8247,1
